85
70
77
74
93
54
74
73
81
75
63
82
69
66
83
65
69
94
75
65
70
75
65
80
79
74
62
76
75
68
73
65
72
72
84
78
68
84
72
60
90
84
77
70
69
80
66
60
70
71
70
77
82
76
76
73
75
77
90
81
77
82
72
76
83
82
59
76
75
73
72
68
76
76
74
77
69
69
73
69
69
77
71
97
76
74
87
67
68
61
64
74
77
71
80
75
73
77
75
78
85
67
90
70
74
89
64
65
82
83
69
70
79
82
71
65
74
82
65
87
88
59
82
67
68
66
74
60
63
101
68
81
73
70
70
65
73
71
76
80
80
59
55
62
61
86
68
70
81
76
84
63
81
77
79
72
92
61
71
82
90
81
82
72
77
67
82
76
70
82
88
83
61
65
75
65
66
75
80
78
78
56
65
79
70
75
77
81
67
97
69
76
67
84
57
73
71
72
81
83
70
89
70
74
76
82
84
75
64
70
82
82
75
85
79
95
77
91
89
81
93
79
85
68
56
67
83
76
83
72
74
69
66
78
78
66
77
64
92
71
95
54
67
75
76
77
72
77
72
86
92
82
68
93
75
69
64
69
67
82
74
82
73
72
78
75
72
76
71
69
79
86
82
72
76
71
80
67
70
67
75
79
74
80
73
89
94
61
77
73
79
72
61
69
77
67
74
84
79
69
57
69
80
71
84
72
67
76
79
83
74
77
56
71
63
70
75
70
89
73
78
65
76
67
70
80
52
83
83
83
90
83
66
77
92
77
66
70
63
84
98
68
77
73
81
69
85
67
70
74
60
71
73
68
83
74
85
82
76
86
89
72
69
68
55
74
69
72
67
91
68
98
68
77
82
63
73
82
67
68
74
84
62
68
73
76
86
84
76
74
87
79
76
67
72
77
78
73
69
82
79
74
65
61
64
77
56
69
76
68
83
77
73
79
66
91
67
72
59
90
73
80
74
73
89
92
73
82
78
76
74
71
71
65
82
81
67
83
68
76
76
71
68
87
78
74
71
62
69
77
66
64
56
74
74
74
80
81
59
83
76
69
85
73
77
64
77
74
94
63
69
97
76
63
65
85
99
86
74
76
73
72
72
73
82
80
77
76
64
78
70
64
61
84
78
76
73
71
73
70
74
75
57
69
81
85
71
76
71
72
60
90
67
76
63
78
64
52
81
83
75
70
69
79
85
75
67
62
72
72
83
63
62
72
64
70
74
81
74
71
88
88
77
74
77
69
91
76
77
69
81
79
70
73
70
74
70
80
67
86
78
78
91
61
69
75
62
67
65
87
77
77
80
90
77
71
63
90
47
77
76
71
62
70
72
92
80
67
82
82
87
72
63
78
67
91
76
80
76
79
75
94
82
64
74
81
64
76
74
75
78
67
81
86
70
79
68
77
77
68
69
75
80
86
63
67
67
78
74
77
75
81
74
77
72
57
80
80
71
84
73
68
76
98
71
75
67
66
68
63
73
80
71
61
84
65
83
77
78
77
84
77
83
62
86
57
69
56
67
75
68
85
93
85
79
85
85
67
71
67
74
73
71
72
66
75
71
84
87
75
70
74
75
75
73
77
82
77
74
76
80
93
68
75
74
78
78
76
82
66
85
71
65
79
66
70
63
88
74
98
85
69
82
82
71
55
62
72
81
77
72
65
82
86
67
72
83
66
74
76
69
69
68
78
82
82
86
68
70
67
70
68
69
73
60
88
78
78
79
74
75
62
89
81
61
68
83
70
74
75
73
80
90
80
64
72
75
76
69
81
85
78
80
75
69
74
69
66
73
77
70
90
69
86
83
77
60
79
69
82
66
80
66
88
72
67
73
84
69
82
48
84
81
88
63
70
67
67
72
77
79
79
66
69
69
80
76
79
92
76
75
74
63
63
70
83
79
73
90
79
63
60
64
77
69
73
79
66
76
72
82
62
73
66
75
72
65
70
70
81
56
78
71
87
75
69
69
74
87
73
67
85
78
79
86
67
65
71
83
63
61
70
95
92
65
84
71
81
69
84
68
86
66
76
77
76
71
75
91
78
74
80
74
79
67
63
69
73
77
86
83
94
63
75
67
83
79
79
76
83
82
74
91
61
78
74
82
72
70
97
74
87
80
75
88
82
77
73
71
81
75
77
64
79
87
82
64
70
75
66
84
97
70
66
72
56
65
73
72
92
72
74
75
63
74
88
72
76
78
90
72
66
85
84
63
61
82
79
79
69
79
76
74
71
78
71
84
65
81
75
74
74
70
82
76
73
75
76
70
59
